tolerance=1e-06 iterations=126 n=10n_electrons=1
rho:
0 0.333333 0.666667 1 1.33333 1.66667 2 2.33333 2.66667 3 3.33333 4 
eigenvalue: eigenvector: 
2.10375        0   0.6509   0.1539   0.5613   0.4113   0.2348   0.1074   0.0401   0.0124   0.0032   0.0007        0
5.40499        0  -0.5827   0.0147   0.0402   0.4413   0.5262   0.3778   0.1945   0.0769   0.0241   0.0059        0
8.62633        0   0.4075  -0.2162  -0.3985  -0.3111   0.1971   0.4925   0.4291   0.2373   0.0948   0.0274        0
11.6919        0  -0.2140   0.3964   0.3943  -0.1937  -0.4024   0.0670   0.4470   0.4225   0.2300   0.0807        0
14.5726        0  -0.0393   0.5272   0.1042  -0.4242   0.1195   0.3938  -0.0813  -0.4366  -0.3699  -0.1621        0
17.2216        0   0.0890   0.5660  -0.3029  -0.0891   0.3965  -0.2192  -0.3031   0.2183   0.4144   0.2356        0
19.5226        0   0.1159   0.4008  -0.4697   0.4312  -0.1794  -0.2102   0.3645   0.0456  -0.3620  -0.2776        0
21.9598        0   0.0447   0.1149  -0.2121   0.3493  -0.4818   0.4763  -0.1670  -0.3205   0.3035   0.3689        0
25.5019        0   0.0054   0.0109  -0.0308   0.0772  -0.1765   0.3487  -0.5425   0.5371  -0.0620  -0.5036        0
30.9409        0   0.0002   0.0003  -0.0013   0.0048  -0.0168   0.0538  -0.1518   0.3572  -0.6340   0.6665        0
